520
196 115
549 125
484 135
416 145
477 155
501 165
521 175
530 185
542 195
541 205
543 215
528 225
510 235
514 245
509 245
504 245
493 245
500 245
503 245
501 245
492 245
481 245
479 245
473 245
482 245
483 245
491 245
479 245
488 245
478 245
483 245
482 245
487 245
498 245
486 245
481 245
467 245
463 245
433 245
439 245
432 245
438 245
429 245
436 245
427 245
428 245
399 245
389 245
364 245
349 245
350 245
357 245
372 245
385 245
387 245
375 245
392 245
391 245
399 245
388 245
395 245
381 245
375 245
381 245
362 245
364 245
363 245
362 245
360 245
355 245
353 245
348 245
342 245
336 245
325 245
330 245
323 245
326 245
322 245
323 245
318 245
322 245
320 245
323 245
326 245
327 245
320 245
326 245
328 245
320 245
330 245
321 245
325 245
319 245
330 245
320 245
327 245
316 245
319 245
314 245
311 245
304 245
301 245
302 245
304 245
293 235
295 225
290 215
295 205
288 195
295 185
287 175
295 165
292 155
293 145
288 135
296 125
291 115
293 105
292 95
287 85
296 75
288 65
290 55
285 45
295 35
286 25
291 15
278 5
281 5
