2.9431770580e+3
 3.1333550300e+3
 2.4692597640e+3
 2.3969421090e+3
 3.3103196610e+3
 3.0503453260e+3
 3.6420073910e+3
 2.7516063740e+3
 3.1699207020e+3
 2.7312220040e+3
 2.6766922820e+3
 3.4131197380e+3
 3.1380885490e+3
 3.3550523550e+3
 3.0226507650e+3
 2.7099475420e+3
 3.9696043550e+3
 2.6012722600e+3
 2.9498258940e+3
 3.4979757400e+3
 3.0291621550e+3
 2.9778908140e+3
 3.4425321110e+3
 3.6577025420e+3
 2.8835673810e+3
 3.8709411110e+3
 3.7046410340e+3
 2.5504393370e+3
 3.1746572780e+3
 2.4964171550e+3
 2.4009088470e+3
 3.3237808560e+3
 2.8446937720e+3
 3.3820282280e+3
 3.3848827910e+3
 3.0012834460e+3
 2.9561770170e+3
 3.0183370570e+3
 2.7732606190e+3
 3.1336882960e+3
 2.8399266560e+3
 3.0582029430e+3
 2.4426607550e+3
 3.4015351870e+3
 2.4303681180e+3
 3.1350773550e+3
 2.6111797630e+3
 2.5062724730e+3
 4.0892068780e+3
 3.4982852870e+3
 4.5006618640e+3
 3.6265775150e+3
 3.5923245830e+3
 3.0637627400e+3
 2.7271058980e+3
 3.7626573880e+3
 2.5779585770e+3
 2.9501057790e+3
 3.1191446870e+3
 2.8616103240e+3
 2.4507049990e+3
 2.8038483910e+3
 3.7245513070e+3
 2.8448211020e+3
 2.7497881480e+3
 3.0903579440e+3
 3.3277426430e+3
 3.5776594400e+3
 2.8298090080e+3
 2.8588115520e+3
 3.0450605600e+3
 2.6967105510e+3
 2.3963870960e+3
 4.3028159300e+3
 2.4635104560e+3
 2.5417853500e+3
 1.5935093980e+3
 3.4403342610e+3
 3.0694186300e+3
 2.2332317800e+3
 2.6227851710e+3
 2.7617990270e+3
 3.8288113530e+3
 3.1518037300e+3
 2.6710822240e+3
 2.3980212840e+3
 2.9406166530e+3
 2.4827724840e+3
 3.0458792850e+3
 2.6676426280e+3
 3.7656301250e+3
 3.5324569590e+3
 3.0555794370e+3
 3.1796862410e+3
 3.3132143320e+3
 3.2648060510e+3
 2.0879816780e+3
 2.8204199630e+3
 3.0073670070e+3
 3.5573862770e+3
