1.2762085760e+3
 2.1438525340e+3
 1.4273977860e+3
 1.6568575380e+3
 2.0414621830e+3
 2.1943457580e+3
 1.4587570140e+3
 1.1692565090e+3
 2.6143077420e+3
 2.8955647750e+3
 8.5683105860e+2
 1.0843430060e+3
 2.8029531990e+3
 2.2239876960e+3
 2.3180884650e+3
 2.5872152750e+3
 1.8911348770e+3
 1.5597556460e+3
 2.1232084180e+3
 2.1541949480e+3
 2.4724238200e+3
 2.2952603370e+3
 2.9954516180e+3
 2.4071233970e+3
 2.4008946900e+3
 1.6281318550e+3
 2.5626058420e+3
 2.6270477880e+3
 2.1959844110e+3
 2.3873173850e+3
 1.4865111190e+3
 2.2301729020e+3
 2.0478640790e+3
 1.8474284820e+3
 2.3324489510e+3
 1.7849697770e+3
 1.7598519420e+3
 1.4623320810e+3
 2.0701174220e+3
 1.7391526740e+3
 1.9317558530e+3
 2.2654026320e+3
 1.9458656340e+3
 1.7256944530e+3
 2.4349592150e+3
 1.6550732010e+3
 2.0369691910e+3
 2.3336813080e+3
 2.0542305340e+3
 2.5018237020e+3
 1.8117091900e+3
 1.5457840590e+3
 2.2162811010e+3
 2.4732792850e+3
 2.7521681680e+3
 2.0624056920e+3
 2.7475557930e+3
 1.5893371200e+3
 2.2862264820e+3
 1.3050970970e+3
 1.5130820500e+3
 1.8373640150e+3
 1.8040399930e+3
 1.4436795000e+3
 2.4148732280e+3
 2.6279337310e+3
 1.5039861260e+3
 2.8607621770e+3
 2.4236202270e+3
 2.4126760100e+3
 1.6103520340e+3
 2.3380574380e+3
 2.7745433010e+3
 5.9809518270e+2
 2.0346914860e+3
 3.3071913860e+3
 1.4677150470e+3
 1.2376457150e+3
 1.8271428170e+3
 2.0477980620e+3
 1.8457047850e+3
 1.9152115910e+3
 2.3141999700e+3
 1.8611191070e+3
 1.4031415450e+3
 2.2709392070e+3
 1.9688988000e+3
 2.7813892880e+3
 1.7445770830e+3
 2.2040006490e+3
 2.6298946750e+3
 1.9909577360e+3
 2.1786197590e+3
 3.0384040840e+3
 1.3544705300e+3
 2.6760756380e+3
 1.9185007940e+3
 1.8480278650e+3
 2.1816298370e+3
 2.7008994040e+3
