1.3358231780e+3
 6.4120626370e+2
 1.8463917290e+3
 1.2639589990e+3
 8.3874339780e+2
 1.1283563250e+3
 8.7834821480e+2
 1.4370158910e+3
 8.9425530910e+2
 2.2532533560e+3
 1.1877781280e+3
 5.9969511840e+2
 9.1897759470e+2
 1.0400399160e+3
 1.3321841540e+3
 9.4331444190e+2
 8.3421226790e+2
 1.3099079590e+3
 4.9296471640e+2
 3.9840925080e+2
 1.4810247450e+3
 1.2913576740e+3
 7.9099151960e+2
 6.9591410710e+2
 1.0648179590e+3
 1.0345533530e+3
 1.2575571420e+3
 1.4640324750e+3
 1.0964630170e+3
 8.2362563150e+2
 1.5220340400e+3
 1.5674212020e+3
 7.3610954830e+2
 2.0299969950e+3
 1.0259918260e+3
 2.4945833830e+2
 1.2776830400e+3
 1.6810926310e+3
 6.2110731960e+2
 1.3061834310e+3
 8.4717408940e+2
 4.2386709250e+2
 1.1218358300e+3
 7.0300208950e+2
 8.1816674640e+2
 1.2008976450e+3
 6.7395087970e+2
 3.1573991990e+2
 1.5360154130e+3
 8.4584935090e+2
 8.6001980030e+2
 6.3477594650e+2
 2.2660106950e+2
 1.3271943780e+3
 4.0786723320e+2
-4.1142904890e+1
 8.2688870110e+2
 6.3031322040e+2
 1.3929141600e+3
 5.8854384550e+2
 1.6232360420e+3
 1.1575452710e+3
 1.1837321840e+3
 4.8776896720e+2
 1.4975264710e+3
 8.1208124970e+2
 4.3561711040e+2
 1.3807185760e+3
 5.8014287450e+2
 1.5360091070e+2
 9.8482233840e+2
 1.2456107440e+3
 1.4721517620e+3
 1.9192090440e+3
 9.1242008310e+2
 1.5537812200e+3
 1.0482883360e+3
 1.3447020400e+3
 8.9970860130e+2
 1.5696780670e+3
 1.5725763490e+3
 4.5412532980e+2
 8.3207793390e+2
 8.4584394210e+2
 4.1554257350e+2
 6.3295413760e+2
 1.1996583310e+3
 5.9949116440e+2
 1.2614642200e+3
 1.0333308160e+3
 1.2166860810e+3
 1.2665149830e+3
 9.8996800170e+2
 6.8807318790e+2
 9.2404198600e+1
 9.5515341620e+2
 1.1532626680e+3
 1.7602082860e+3
 3.8191341530e+2
 3.1806577680e+2
